%YAML:1.0
---
R_Cam2End: !!opencv-matrix
   rows: 3
   cols: 3
   dt: d
   data: [ -9.9954426007033881e-01, -3.0081516521934797e-02,
       -2.5247820063254377e-03, 3.0093273301366602e-02,
       -9.9953578262268139e-01, -4.7554346670970783e-03,
       -2.3805592721368976e-03, -4.8292463805791105e-03,
       9.9998550555342902e-01 ]
T_Cam2End: !!opencv-matrix
   rows: 3
   cols: 1
   dt: d
   data: [ 3.4734136129813548e-02, 8.9754889935089607e-02,
       -7.4466516567461435e-02 ]
